0.0000
0.3140
0.6267
0.9369
1.2434
1.5451
1.8406
2.1289
2.4088
2.6791
2.9389
3.1871
3.4227
3.6448
3.8526
4.0451
4.2216
4.3815
4.5241
4.6489
4.7553
4.8429
4.9114
4.9606
4.9901
5.0000
4.9901
4.9606
4.9114
4.8429
4.7553
4.6489
4.5241
4.3815
4.2216
4.0451
3.8526
3.6448
3.4227
3.1871
2.9389
2.6791
2.4088
2.1289
1.8406
1.5451
1.2434
0.9369
0.6267
0.3140
0.0000
-0.3140
-0.6267
-0.9369
-1.2434
-1.5451
-1.8406
-2.1289
-2.4088
-2.6791
-2.9389
-3.1871
-3.4227
-3.6448
-3.8526
-4.0451
-4.2216
-4.3815
-4.5241
-4.6489
-4.7553
-4.8429
-4.9114
-4.9606
-4.9901
-5.0000
-4.9901
-4.9606
-4.9114
-4.8429
-4.7553
-4.6489
-4.5241
-4.3815
-4.2216
-4.0451
-3.8526
-3.6448
-3.4227
-3.1871
-2.9389
-2.6791
-2.4088
-2.1289
-1.8406
-1.5451
-1.2434
-0.9369
-0.6267
-0.3140
-0.0000
0.3140
0.6267
0.9369
1.2434
1.5451
1.8406
2.1289
2.4088
2.6791
2.9389
3.1871
3.4227
3.6448
3.8526
4.0451
4.2216
4.3815
4.5241
4.6489
4.7553
4.8429
4.9114
4.9606
4.9901
5.0000
4.9901
4.9606
4.9114
4.8429
4.7553
4.6489
4.5241
4.3815
4.2216
4.0451
3.8526
3.6448
3.4227
3.1871
2.9389
2.6791
2.4088
2.1289
1.8406
1.5451
1.2434
0.9369
0.6267
0.3140
0.0000
-0.3140
-0.6267
-0.9369
-1.2434
-1.5451
-1.8406
-2.1289
-2.4088
-2.6791
-2.9389
-3.1871
-3.4227
-3.6448
-3.8526
-4.0451
-4.2216
-4.3815
-4.5241
-4.6489
-4.7553
-4.8429
-4.9114
-4.9606
-4.9901
-5.0000
-4.9901
-4.9606
-4.9114
-4.8429
-4.7553
-4.6489
-4.5241
-4.3815
-4.2216
-4.0451
-3.8526
-3.6448
-3.4227
-3.1871
-2.9389
-2.6791
-2.4088
-2.1289
-1.8406
-1.5451
-1.2434
-0.9369
-0.6267
-0.3140
-0.0000
0.3140
0.6267
0.9369
1.2434
1.5451
1.8406
2.1289
2.4088
2.6791
2.9389
3.1871
3.4227
3.6448
3.8526
4.0451
4.2216
4.3815
4.5241
4.6489
4.7553
4.8429
4.9114
4.9606
4.9901
5.0000
4.9901
4.9606
4.9114
4.8429
4.7553
4.6489
4.5241
4.3815
4.2216
4.0451
3.8526
3.6448
3.4227
3.1871
2.9389
2.6791
2.4088
2.1289
1.8406
1.5451
1.2434
0.9369
0.6267
0.3140
0.0000
-0.3140
-0.6267
-0.9369
-1.2434
-1.5451
-1.8406
-2.1289
-2.4088
-2.6791
-2.9389
-3.1871
-3.4227
-3.6448
-3.8526
-4.0451
-4.2216
-4.3815
-4.5241
-4.6489
-4.7553
-4.8429
-4.9114
-4.9606
-4.9901
-5.0000
-4.9901
-4.9606
-4.9114
-4.8429
-4.7553
-4.6489
-4.5241
-4.3815
-4.2216
-4.0451
-3.8526
-3.6448
-3.4227
-3.1871
-2.9389
-2.6791
-2.4088
-2.1289
-1.8406
-1.5451
-1.2434
-0.9369
-0.6267
-0.3140
-0.0000
0.3140
0.6267
0.9369
1.2434
1.5451
1.8406
2.1289
2.4088
2.6791
2.9389
3.1871
3.4227
3.6448
3.8526
4.0451
4.2216
4.3815
4.5241
4.6489
4.7553
4.8429
4.9114
4.9606
4.9901
5.0000
4.9901
4.9606
4.9114
4.8429
4.7553
4.6489
4.5241
4.3815
4.2216
4.0451
3.8526
3.6448
3.4227
3.1871
2.9389
2.6791
2.4088
2.1289
1.8406
1.5451
1.2434
0.9369
0.6267
0.3140
-0.0000
-0.3140
-0.6267
-0.9369
-1.2434
-1.5451
-1.8406
-2.1289
-2.4088
-2.6791
-2.9389
-3.1871
-3.4227
-3.6448
-3.8526
-4.0451
-4.2216
-4.3815
-4.5241
-4.6489
-4.7553
-4.8429
-4.9114
-4.9606
-4.9901
-5.0000
-4.9901
-4.9606
-4.9114
-4.8429
-4.7553
-4.6489
-4.5241
-4.3815
-4.2216
-4.0451
-3.8526
-3.6448
-3.4227
-3.1871
-2.9389
-2.6791
-2.4088
-2.1289
-1.8406
-1.5451
-1.2434
-0.9369
-0.6267
-0.3140
-0.0000
0.3140
0.6267
0.9369
1.2434
1.5451
1.8406
2.1289
2.4088
2.6791
2.9389
3.1871
3.4227
3.6448
3.8526
4.0451
4.2216
4.3815
4.5241
4.6489
4.7553
4.8429
4.9114
4.9606
4.9901
5.0000
4.9901
4.9606
4.9114
4.8429
4.7553
4.6489
4.5241
4.3815
4.2216
4.0451
3.8526
3.6448
3.4227
3.1871
2.9389
2.6791
2.4088
2.1289
1.8406
1.5451
1.2434
0.9369
0.6267
0.3140
0.0000
-0.3140
-0.6267
-0.9369
-1.2434
-1.5451
-1.8406
-2.1289
-2.4088
-2.6791
-2.9389
-3.1871
-3.4227
-3.6448
-3.8526
-4.0451
-4.2216
-4.3815
-4.5241
-4.6489
-4.7553
-4.8429
-4.9114
-4.9606
-4.9901
-5.0000
-4.9901
-4.9606
-4.9114
-4.8429
-4.7553
-4.6489
-4.5241
-4.3815
-4.2216
-4.0451
-3.8526
-3.6448
-3.4227
-3.1871
-2.9389
-2.6791
-2.4088
-2.1289
-1.8406
-1.5451
-1.2434
-0.9369
-0.6267
-0.3140
-0.0000
0.3140
0.6267
0.9369
1.2434
1.5451
1.8406
2.1289
2.4088
2.6791
2.9389
3.1871
3.4227
3.6448
3.8526
4.0451
4.2216
4.3815
4.5241
4.6489
4.7553
4.8429
4.9114
4.9606
4.9901
5.0000
4.9901
4.9606
4.9114
4.8429
4.7553
4.6489
4.5241
4.3815
4.2216
4.0451
3.8526
3.6448
3.4227
3.1871
2.9389
2.6791
2.4088
2.1289
1.8406
1.5451
1.2434
0.9369
0.6267
0.3140
-0.0000
-0.3140
-0.6267
-0.9369
-1.2434
-1.5451
-1.8406
-2.1289
-2.4088
-2.6791
-2.9389
-3.1871
-3.4227
-3.6448
-3.8526
-4.0451
-4.2216
-4.3815
-4.5241
-4.6489
-4.7553
-4.8429
-4.9114
-4.9606
-4.9901
-5.0000
-4.9901
-4.9606
-4.9114
-4.8429
-4.7553
-4.6489
-4.5241
-4.3815
-4.2216
-4.0451
-3.8526
-3.6448
-3.4227
-3.1871
-2.9389
-2.6791
-2.4088
-2.1289
-1.8406
-1.5451
-1.2434
-0.9369
-0.6267
-0.3140
-0.0000
0.3140
0.6267
0.9369
1.2434
1.5451
1.8406
2.1289
2.4088
2.6791
2.9389
3.1871
3.4227
3.6448
3.8526
4.0451
4.2216
4.3815
4.5241
4.6489
4.7553
4.8429
4.9114
4.9606
4.9901
5.0000
4.9901
4.9606
4.9114
4.8429
4.7553
4.6489
4.5241
4.3815
4.2216
4.0451
3.8526
3.6448
3.4227
3.1871
2.9389
2.6791
2.4088
2.1289
1.8406
1.5451
1.2434
0.9369
0.6267
0.3140
0.0000
-0.3140
-0.6267
-0.9369
-1.2434
-1.5451
-1.8406
-2.1289
-2.4088
-2.6791
-2.9389
-3.1871
-3.4227
-3.6448
-3.8526
-4.0451
-4.2216
-4.3815
-4.5241
-4.6489
-4.7553
-4.8429
-4.9114
-4.9606
-4.9901
-5.0000
-4.9901
-4.9606
-4.9114
-4.8429
-4.7553
-4.6489
-4.5241
-4.3815
-4.2216
-4.0451
-3.8526
-3.6448
-3.4227
-3.1871
-2.9389
-2.6791
-2.4088
-2.1289
-1.8406
-1.5451
-1.2434
-0.9369
-0.6267
-0.3140
-0.0000
0.3140
0.6267
0.9369
1.2434
1.5451
1.8406
2.1289
2.4088
2.6791
2.9389
3.1871
3.4227
3.6448
3.8526
4.0451
4.2216
4.3815
4.5241
4.6489
4.7553
4.8429
4.9114
4.9606
4.9901
5.0000
4.9901
4.9606
4.9114
4.8429
4.7553
4.6489
4.5241
4.3815
4.2216
4.0451
3.8526
3.6448
3.4227
3.1871
2.9389
2.6791
2.4088
2.1289
1.8406
1.5451
1.2434
0.9369
0.6267
0.3140
0.0000
-0.3140
-0.6267
-0.9369
-1.2434
-1.5451
-1.8406
-2.1289
-2.4088
-2.6791
-2.9389
-3.1871
-3.4227
-3.6448
-3.8526
-4.0451
-4.2216
-4.3815
-4.5241
-4.6489
-4.7553
-4.8429
-4.9114
-4.9606
-4.9901
-5.0000
-4.9901
-4.9606
-4.9114
-4.8429
-4.7553
-4.6489
-4.5241
-4.3815
-4.2216
-4.0451
-3.8526
-3.6448
-3.4227
-3.1871
-2.9389
-2.6791
-2.4088
-2.1289
-1.8406
-1.5451
-1.2434
-0.9369
-0.6267
-0.3140
-0.0000
0.3140
0.6267
0.9369
1.2434
1.5451
1.8406
2.1289
2.4088
2.6791
2.9389
3.1871
3.4227
3.6448
3.8526
4.0451
4.2216
4.3815
4.5241
4.6489
4.7553
4.8429
4.9114
4.9606
4.9901
5.0000
4.9901
4.9606
4.9114
4.8429
4.7553
4.6489
4.5241
4.3815
4.2216
4.0451
3.8526
3.6448
3.4227
3.1871
2.9389
2.6791
2.4088
2.1289
1.8406
1.5451
1.2434
0.9369
0.6267
0.3140
0.0000
-0.3140
-0.6267
-0.9369
-1.2434
-1.5451
-1.8406
-2.1289
-2.4088
-2.6791
-2.9389
-3.1871
-3.4227
-3.6448
-3.8526
-4.0451
-4.2216
-4.3815
-4.5241
-4.6489
-4.7553
-4.8429
-4.9114
-4.9606
-4.9901
-5.0000
-4.9901
-4.9606
-4.9114
-4.8429
-4.7553
-4.6489
-4.5241
-4.3815
-4.2216
-4.0451
-3.8526
-3.6448
-3.4227
-3.1871
-2.9389
-2.6791
-2.4088
-2.1289
-1.8406
-1.5451
-1.2434
-0.9369
-0.6267
-0.3140
-0.0000
0.3140
0.6267
0.9369
1.2434
1.5451
1.8406
2.1289
2.4088
2.6791
2.9389
3.1871
3.4227
3.6448
3.8526
4.0451
4.2216
4.3815
4.5241
4.6489
4.7553
4.8429
4.9114
4.9606
4.9901
5.0000
4.9901
4.9606
4.9114
4.8429
4.7553
4.6489
4.5241
4.3815
4.2216
4.0451
3.8526
3.6448
3.4227
3.1871
2.9389
2.6791
2.4088
2.1289
1.8406
1.5451
1.2434
0.9369
0.6267
0.3140
0.0000
-0.3140
-0.6267
-0.9369
-1.2434
-1.5451
-1.8406
-2.1289
-2.4088
-2.6791
-2.9389
-3.1871
-3.4227
-3.6448
-3.8526
-4.0451
-4.2216
-4.3815
-4.5241
-4.6489
-4.7553
-4.8429
-4.9114
-4.9606
-4.9901
-5.0000
-4.9901
-4.9606
-4.9114
-4.8429
-4.7553
-4.6489
-4.5241
-4.3815
-4.2216
-4.0451
-3.8526
-3.6448
-3.4227
-3.1871
-2.9389
-2.6791
-2.4088
-2.1289
-1.8406
-1.5451
-1.2434
-0.9369
-0.6267
-0.3140
